--------- TRAIN ---------
              precision    recall  f1-score   support

           0       0.24      0.24      0.24      3088
           1       0.12      0.12      0.12      1488
           2       0.13      0.13      0.13      1536
           3       0.15      0.15      0.15      1768
           4       0.11      0.11      0.11      1304
           5       0.14      0.14      0.14      1688
           6       0.11      0.11      0.11      1424
           7       0.00      0.00      0.00         8

    accuracy                           0.16     12304
   macro avg       0.13      0.13      0.13     12304
weighted avg       0.16      0.16      0.16     12304


--------- VALIDATION ---------
              precision    recall  f1-score   support

           0       0.24      0.24      0.24       245
           1       0.17      0.17      0.17       143
           2       0.14      0.14      0.14       125
           3       0.13      0.14      0.14       136
           4       0.09      0.08      0.08       113
           5       0.17      0.17      0.17       117
           6       0.10      0.10      0.10       147

    accuracy                           0.16      1026
   macro avg       0.15      0.15      0.15      1026
weighted avg       0.16      0.16      0.16      1026


--------- TEST ---------
              precision    recall  f1-score   support

           0       0.25      0.25      0.25       168
           1       0.10      0.10      0.10        71
           2       0.10      0.10      0.10        82
           3       0.15      0.16      0.15        95
           4       0.11      0.11      0.11        75
           5       0.14      0.14      0.14        74
           6       0.09      0.09      0.09        76
           8       0.00      0.00      0.00         1

    accuracy                           0.15       642
   macro avg       0.12      0.12      0.12       642
weighted avg       0.15      0.15      0.15       642

